-1, 1
-0.818282, 1
-0.636563, 1
-0.454845, 1
-0.273127, 1
-0.0914087, 1
0.0903096, 1
0.272028, 1
0.453746, 1
0.635464, 1
0.817183, 1
0.998901, 1
0.998723, 1
0.998546, 1
0.998368, 1
0.998191, 1
0.998013, 1
0.997836, 1
0.997658, 1
0.997481, 1
0.997303, 1
0.997125, 1
0.996948, 1
0.996682, 1
0.996416, 1
0.99615, 1
0.995884, 1
0.995617, 1
0.995351, 1
0.995085, 1
0.994819, 1
0.994553, 1
0.994287, 1
0.994021, 1
0.993666, 1
0.993312, 1
0.992958, 1
0.992603, 1
0.992249, 1
0.991894, 1
0.99154, 1
0.991186, 1
0.990831, 1
0.990477, 1
0.990123, 1
0.98968, 1
0.989238, 1
0.988795, 1
0.988353, 1
0.987911, 1
0.987468, 1
0.987026, 1
0.986584, 1
0.986141, 1
0.985699, 1
0.985257, 1
0.984727, 1
0.984197, 1
0.983667, 1
0.983137, 1
0.982607, 1
0.982078, 1
0.981548, 1
0.981018, 1
0.980488, 1
0.979958, 1
0.979428, 1
0.978811, 1
0.978195, 1
0.977578, 1
0.976961, 1
0.976344, 1
0.975727, 1
0.97511, 1
0.974493, 1
0.973877, 1
0.97326, 1
0.972643, 1
0.97194, 1
0.971236, 1
0.970533, 1
0.96983, 1
0.969127, 1
0.968423, 1
0.96772, 1
0.967017, 1
0.966314, 1
0.96561, 1
0.964907, 1
0.964118, 1
0.963329, 1
0.96254, 1
0.961751, 1
0.960962, 1
0.960173, 1
0.959384, 1
0.958595, 1
0.957806, 1
0.957018, 1
0.956229, 1
0.955355, 1
0.954481, 1
0.953607, 1
0.952733, 1
0.951859, 1
0.950985, 1
0.950111, 1
0.949237, 1
0.948363, 1
0.94749, 1
0.946616, 1
0.945658, 1
0.9447, 1
0.943742, 1
0.942784, 1
0.941826, 1
0.940868, 1
0.93991, 1
0.938952, 1
0.937994, 1
0.937036, 1
0.936078, 1
0.935037, 1
0.933996, 1
0.932954, 1
0.931913, 1
0.930872, 1
0.929831, 1
0.92879, 1
0.927749, 1
0.926708, 1
0.925667, 1
0.924625, 1
0.923502, 1
0.922379, 1
0.921256, 1
0.920132, 1
0.919009, 1
0.917886, 1
0.916763, 1
0.915639, 1
0.914516, 1
0.913393, 1
0.91227, 1
0.911065, 1
0.909861, 1
0.908657, 1
0.907452, 1
0.906248, 1
0.905044, 1
0.903839, 1
0.902635, 1
0.901431, 1
0.900227, 1
0.899022, 1
0.897738, 1
0.896454, 1
0.89517, 1
0.893886, 1
0.892602, 1
0.891317, 1
0.890033, 1
0.888749, 1
0.887465, 1
0.886181, 1
0.884897, 1
0.883534, 1
0.882171, 1
0.880808, 1
0.879446, 1
0.878083, 1
0.87672, 1
0.875357, 1
0.873995, 1
0.872632, 1
0.871269, 1
0.869906, 1
0.868466, 1
0.867026, 1
0.865586, 1
0.864146, 1
0.862706, 1
0.861266, 1
0.859826, 1
0.858386, 1
0.856946, 1
0.855506, 1
0.854066, 1
0.85255, 1
0.851034, 1
0.849518, 1
0.848003, 1
0.846487, 1
0.844971, 1
0.843455, 1
0.841939, 1
0.840423, 1
0.838907, 1
0.837391, 1
0.835801, 1
0.834211, 1
0.832621, 1
0.83103, 1
0.82944, 1
0.82785, 1
0.826259, 1
0.824669, 1
0.823079, 1
0.821489, 1
0.819898, 1
0.818235, 1
0.816572, 1
0.814909, 1
0.813246, 1
0.811583, 1
0.80992, 1
0.808257, 1
0.806594, 1
0.804931, 1
0.803267, 1
0.801604, 1
0.79987, 1
0.798136, 1
0.796401, 1
0.794667, 1
0.792933, 1
0.791199, 1
0.789464, 1
0.78773, 1
0.785996, 1
0.784261, 1
0.782527, 1
0.780723, 1
0.778919, 1
0.777116, 1
0.775312, 1
0.773508, 1
0.771704, 1
0.7699, 1
0.768097, 1
0.766293, 1
0.764489, 1
0.762685, 1
0.760814, 1
0.758942, 1
0.757071, 1
0.755199, 1
0.753327, 1
0.751456, 1
0.749584, 1
0.747713, 1
0.745841, 1
0.74397, 1
0.742098, 1
0.740161, 1
0.738223, 1
0.736286, 1
0.734348, 1
0.732411, 1
0.730473, 1
0.728536, 1
0.726598, 1
0.724661, 1
0.722723, 1
0.720786, 1
0.718784, 1
0.716783, 1
0.714781, 1
0.71278, 1
0.710778, 1
0.708777, 1
0.706775, 1
0.704774, 1
0.702772, 1
0.700771, 1
0.698769, 1
0.696706, 1
0.694642, 1
0.692579, 1
0.690515, 1
0.688452, 1
0.686388, 1
0.684324, 1
0.682261, 1
0.680197, 1
0.678134, 1
0.67607, 1
0.673947, 1
0.671823, 1
0.669699, 1
0.667576, 1
0.665452, 1
0.663329, 1
0.661205, 1
0.659081, 1
0.656958, 1
0.654834, 1
0.65271, 1
0.650529, 1
0.648347, 1
0.646166, 1
0.643984, 1
0.641802, 1
0.639621, 1
0.637439, 1
0.635258, 1
0.633076, 1
0.630894, 1
0.628713, 1
0.626475, 1
0.624238, 1
0.622001, 1
0.619763, 1
0.617526, 1
0.615288, 1
0.613051, 1
0.610813, 1
0.608576, 1
0.606338, 1
0.604101, 1
0.60181, 1
0.599519, 1
0.597228, 1
0.594937, 1
0.592646, 1
0.590354, 1
0.588063, 1
0.585772, 1
0.583481, 1
0.58119, 1
0.578899, 1
0.576556, 1
0.574214, 1
0.571871, 1
0.569529, 1
0.567186, 1
0.564844, 1
0.562501, 1
0.560159, 1
0.557816, 1
0.555474, 1
0.553131, 1
0.550739, 1
0.548348, 1
0.545956, 1
0.543565, 1
0.541173, 1
0.538781, 1
0.53639, 1
0.533998, 1
0.531606, 1
0.529215, 1
0.526823, 1
0.524385, 1
0.521946, 1
0.519508, 1
0.517069, 1
0.514631, 1
0.512192, 1
0.509754, 1
0.507315, 1
0.504877, 1
0.502438, 1
0.5, 1
0.497517, 1
0.495034, 1
0.492551, 1
0.490069, 1
0.487586, 1
0.485103, 1
0.48262, 1
0.480137, 1
0.477654, 1
0.475171, 1
0.472689, 1
0.470164, 1
0.467639, 1
0.465114, 1
0.462589, 1
0.460064, 1
0.457539, 1
0.455015, 1
0.45249, 1
0.449965, 1
0.44744, 1
0.444915, 1
0.442351, 1
0.439786, 1
0.437222, 1
0.434658, 1
0.432093, 1
0.429529, 1
0.426965, 1
0.4244, 1
0.421836, 1
0.419271, 1
0.416707, 1
0.414106, 1
0.411504, 1
0.408903, 1
0.406302, 1
0.4037, 1
0.401099, 1
0.398497, 1
0.395896, 1
0.393295, 1
0.390693, 1
0.388092, 1
0.385456, 1
0.38282, 1
0.380184, 1
0.377548, 1
0.374913, 1
0.372277, 1
0.369641, 1
0.367005, 1
0.364369, 1
0.361733, 1
0.359097, 1
0.35643, 1
0.353762, 1
0.351094, 1
0.348426, 1
0.345759, 1
0.343091, 1
0.340423, 1
0.337755, 1
0.335088, 1
0.33242, 1
0.329752, 1
0.327055, 1
0.324358, 1
0.321661, 1
0.318964, 1
0.316267, 1
0.31357, 1
0.310873, 1
0.308176, 1
0.305479, 1
0.302782, 1
0.300085, 1
0.297361, 1
0.294637, 1
0.291914, 1
0.28919, 1
0.286466, 1
0.283742, 1
0.281019, 1
0.278295, 1
0.275571, 1
0.272848, 1
0.270124, 1
0.267376, 1
0.264629, 1
0.261881, 1
0.259133, 1
0.256385, 1
0.253638, 1
0.25089, 1
0.248142, 1
0.245395, 1
0.242647, 1
0.239899, 1
0.23713, 1
0.234361, 1
0.231592, 1
0.228823, 1
0.226054, 1
0.223285, 1
0.220516, 1
0.217747, 1
0.214978, 1
0.212209, 1
0.20944, 1
0.206653, 1
0.203865, 1
0.201077, 1
0.19829, 1
0.195502, 1
0.192715, 1
0.189927, 1
0.187139, 1
0.184352, 1
0.181564, 1
0.178777, 1
0.175973, 1
0.17317, 1
0.170366, 1
0.167563, 1
0.164759, 1
0.161956, 1
0.159152, 1
0.156349, 1
0.153545, 1
0.150742, 1
0.147938, 1
0.145122, 1
0.142305, 1
0.139488, 1
0.136672, 1
0.133855, 1
0.131038, 1
0.128222, 1
0.125405, 1
0.122589, 1
0.119772, 1
0.116955, 1
0.114128, 1
0.111301, 1
0.108474, 1
0.105647, 1
0.10282, 1
0.0999932, 1
0.0971662, 1
0.0943392, 1
0.0915122, 1
0.0886852, 1
0.0858581, 1
0.0830235, 1
0.0801889, 1
0.0773542, 1
0.0745196, 1
0.0716849, 1
0.0688503, 1
0.0660156, 1
0.063181, 1
0.0603464, 1
0.0575117, 1
0.0546771, 1
0.0518376, 1
0.0489981, 1
0.0461586, 1
0.0433191, 1
0.0404796, 1
0.0376401, 1
0.0348006, 1
0.0319611, 1
0.0291216, 1
0.0262821, 1
0.0234426, 1
0.020601, 1
0.0177594, 1
0.0149178, 1
0.0120762, 1
0.00923466, 1
0.00639308, 1
0.0035515, 1
0.000709918, 1
-0.00213166, 1
-0.00497325, 1
-0.00781483, 1
-0.0106557, 1
-0.0134966, 1
-0.0163375, 1
-0.0191784, 1
-0.0220193, 1
-0.0248602, 1
-0.027701, 1
-0.0305419, 1
-0.0333828, 1
-0.0362237, 1
-0.0390646, 1
-0.041902, 1
-0.0447394, 1
-0.0475768, 1
-0.0504143, 1
-0.0532517, 1
-0.0560891, 1
-0.0589265, 1
-0.0617639, 1
-0.0646014, 1
-0.0674388, 1
-0.0702762, 1
-0.0731074, 1
-0.0759385, 1
-0.0787697, 1
-0.0816009, 1
-0.0844321, 1
-0.0872632, 1
-0.0900944, 1
-0.0929256, 1
-0.0957568, 1
-0.0985879, 1
-0.101419, 1
-0.104241, 1
-0.107063, 1
-0.109886, 1
-0.112708, 1
-0.11553, 1
-0.118352, 1
-0.121174, 1
-0.123996, 1
-0.126819, 1
-0.129641, 1
-0.132463, 1
-0.135273, 1
-0.138084, 1
-0.140894, 1
-0.143705, 1
-0.146515, 1
-0.149325, 1
-0.152136, 1
-0.154946, 1
-0.157757, 1
-0.160567, 1
-0.163377, 1
-0.166173, 1
-0.168969, 1
-0.171765, 1
-0.174561, 1
-0.177357, 1
-0.180153, 1
-0.182949, 1
-0.185744, 1
-0.18854, 1
-0.191336, 1
-0.194132, 1
-0.196911, 1
-0.199689, 1
-0.202468, 1
-0.205247, 1
-0.208025, 1
-0.210804, 1
-0.213583, 1
-0.216361, 1
-0.21914, 1
-0.221919, 1
-0.224697, 1
-0.227456, 1
-0.230215, 1
-0.232973, 1
-0.235732, 1
-0.238491, 1
-0.241249, 1
-0.244008, 1
-0.246767, 1
-0.249525, 1
-0.252284, 1
-0.255043, 1
-0.257779, 1
-0.260515, 1
-0.263251, 1
-0.265987, 1
-0.268723, 1
-0.271459, 1
-0.274195, 1
-0.276931, 1
-0.279667, 1
-0.282403, 1
-0.285139, 1
-0.28785, 1
-0.290561, 1
-0.293271, 1
-0.295982, 1
-0.298693, 1
-0.301403, 1
-0.304114, 1
-0.306825, 1
-0.309535, 1
-0.312246, 1
-0.314957, 1
-0.31764, 1
-0.320322, 1
-0.323005, 1
-0.325688, 1
-0.32837, 1
-0.331053, 1
-0.333736, 1
-0.336419, 1
-0.339101, 1
-0.341784, 1
-0.344467, 1
-0.347119, 1
-0.349771, 1
-0.352423, 1
-0.355075, 1
-0.357727, 1
-0.36038, 1
-0.363032, 1
-0.365684, 1
-0.368336, 1
-0.370988, 1
-0.37364, 1
-0.376259, 1
-0.378878, 1
-0.381497, 1
-0.384116, 1
-0.386735, 1
-0.389354, 1
-0.391973, 1
-0.394592, 1
-0.397211, 1
-0.39983, 1
-0.402449, 1
-0.405032, 1
-0.407615, 1
-0.410198, 1
-0.412781, 1
-0.415365, 1
-0.417948, 1
-0.420531, 1
-0.423114, 1
-0.425697, 1
-0.428281, 1
-0.430864, 1
-0.433409, 1
-0.435954, 1
-0.438499, 1
-0.441043, 1
-0.443588, 1
-0.446133, 1
-0.448678, 1
-0.451223, 1
-0.453768, 1
-0.456313, 1
-0.458858, 1
-0.461362, 1
-0.463866, 1
-0.46637, 1
-0.468875, 1
-0.471379, 1
-0.473883, 1
-0.476387, 1
-0.478891, 1
-0.481395, 1
-0.4839, 1
-0.486404, 1
-0.488865, 1
-0.491326, 1
-0.493787, 1
-0.496247, 1
-0.498708, 1
-0.501169, 1
-0.50363, 1
-0.506091, 1
-0.508552, 1
-0.511013, 1
-0.513474, 1
-0.51589, 1
-0.518305, 1
-0.52072, 1
-0.523136, 1
-0.525551, 1
-0.527966, 1
-0.530382, 1
-0.532797, 1
-0.535212, 1
-0.537628, 1
-0.540043, 1
-0.54241, 1
-0.544778, 1
-0.547145, 1
-0.549513, 1
-0.55188, 1
-0.554247, 1
-0.556615, 1
-0.558982, 1
-0.561349, 1
-0.563717, 1
-0.566084, 1
-0.568401, 1
-0.570718, 1
-0.573035, 1
-0.575353, 1
-0.57767, 1
-0.579987, 1
-0.582304, 1
-0.584621, 1
-0.586938, 1
-0.589255, 1
-0.591572, 1
-0.593837, 1
-0.596101, 1
-0.598366, 1
-0.60063, 1
-0.602895, 1
-0.605159, 1
-0.607424, 1
-0.609689, 1
-0.611953, 1
-0.614218, 1
-0.616482, 1
-0.618692, 1
-0.620902, 1
-0.623112, 1
-0.625321, 1
-0.627531, 1
-0.629741, 1
-0.631951, 1
-0.634161, 1
-0.63637, 1
-0.63858, 1
-0.64079, 1
-0.642943, 1
-0.645096, 1
-0.647249, 1
-0.649401, 1
-0.651554, 1
-0.653707, 1
-0.65586, 1
-0.658013, 1
-0.660166, 1
-0.662319, 1
-0.664471, 1
-0.666565, 1
-0.668659, 1
-0.670753, 1
-0.672847, 1
-0.674941, 1
-0.677035, 1
-0.679128, 1
-0.681222, 1
-0.683316, 1
-0.68541, 1
-0.687504, 1
-0.689537, 1
-0.691569, 1
-0.693602, 1
-0.695635, 1
-0.697668, 1
-0.6997, 1
-0.701733, 1
-0.703766, 1
-0.705799, 1
-0.707832, 1
-0.709864, 1
-0.711834, 1
-0.713804, 1
-0.715774, 1
-0.717743, 1
-0.719713, 1
-0.721683, 1
-0.723652, 1
-0.725622, 1
-0.727592, 1
-0.729562, 1
-0.731531, 1
-0.733436, 1
-0.735341, 1
-0.737246, 1
-0.73915, 1
-0.741055, 1
-0.74296, 1
-0.744865, 1
-0.746769, 1
-0.748674, 1
-0.750579, 1
-0.752484, 1
-0.754321, 1
-0.756159, 1
-0.757997, 1
-0.759835, 1
-0.761673, 1
-0.763511, 1
-0.765349, 1
-0.767187, 1
-0.769025, 1
-0.770863, 1
-0.772701, 1
-0.77447, 1
-0.776239, 1
-0.778008, 1
-0.779778, 1
-0.781547, 1
-0.783316, 1
-0.785085, 1
-0.786855, 1
-0.788624, 1
-0.790393, 1
-0.792162, 1
-0.793861, 1
-0.79556, 1
-0.797259, 1
-0.798958, 1
-0.800657, 1
-0.802356, 1
-0.804055, 1
-0.805754, 1
-0.807453, 1
-0.809152, 1
-0.81085, 1
-0.812477, 1
-0.814104, 1
-0.815731, 1
-0.817358, 1
-0.818985, 1
-0.820612, 1
-0.822239, 1
-0.823865, 1
-0.825492, 1
-0.827119, 1
-0.828746, 1
-0.830299, 1
-0.831853, 1
-0.833406, 1
-0.834959, 1
-0.836512, 1
-0.838066, 1
-0.839619, 1
-0.841172, 1
-0.842726, 1
-0.844279, 1
-0.845832, 1
-0.84731, 1
-0.848788, 1
-0.850266, 1
-0.851745, 1
-0.853223, 1
-0.854701, 1
-0.856179, 1
-0.857657, 1
-0.859135, 1
-0.860613, 1
-0.862092, 1
-0.863493, 1
-0.864895, 1
-0.866296, 1
-0.867698, 1
-0.869099, 1
-0.870501, 1
-0.871902, 1
-0.873304, 1
-0.874706, 1
-0.876107, 1
-0.877509, 1
-0.878832, 1
-0.880156, 1
-0.88148, 1
-0.882803, 1
-0.884127, 1
-0.88545, 1
-0.886774, 1
-0.888098, 1
-0.889421, 1
-0.890745, 1
-0.892068, 1
-0.893313, 1
-0.894557, 1
-0.895802, 1
-0.897046, 1
-0.89829, 1
-0.899535, 1
-0.900779, 1
-0.902023, 1
-0.903268, 1
-0.904512, 1
-0.905757, 1
-0.90692, 1
-0.908084, 1
-0.909248, 1
-0.910412, 1
-0.911576, 1
-0.91274, 1
-0.913904, 1
-0.915068, 1
-0.916232, 1
-0.917396, 1
-0.91856, 1
-0.919642, 1
-0.920724, 1
-0.921807, 1
-0.922889, 1
-0.923971, 1
-0.925054, 1
-0.926136, 1
-0.927218, 1
-0.928301, 1
-0.929383, 1
-0.930465, 1
-0.931465, 1
-0.932465, 1
-0.933464, 1
-0.934464, 1
-0.935464, 1
-0.936463, 1
-0.937463, 1
-0.938463, 1
-0.939462, 1
-0.940462, 1
-0.941462, 1
-0.942378, 1
-0.943294, 1
-0.94421, 1
-0.945126, 1
-0.946042, 1
-0.946958, 1
-0.947874, 1
-0.94879, 1
-0.949706, 1
-0.950622, 1
-0.951538, 1
-0.95237, 1
-0.953201, 1
-0.954033, 1
-0.954864, 1
-0.955696, 1
-0.956528, 1
-0.957359, 1
-0.958191, 1
-0.959022, 1
-0.959854, 1
-0.960685, 1
-0.961431, 1
-0.962178, 1
-0.962924, 1
-0.96367, 1
-0.964416, 1
-0.965162, 1
-0.965909, 1
-0.966655, 1
-0.967401, 1
-0.968147, 1
-0.968893, 1
-0.969553, 1
-0.970214, 1
-0.970874, 1
-0.971534, 1
-0.972194, 1
-0.972854, 1
-0.973514, 1
-0.974174, 1
-0.974835, 1
-0.975495, 1
-0.976155, 1
-0.976728, 1
-0.977302, 1
-0.977875, 1
-0.978449, 1
-0.979022, 1
-0.979595, 1
-0.980169, 1
-0.980742, 1
-0.981316, 1
-0.981889, 1
-0.982463, 1
-0.982949, 1
-0.983435, 1
-0.983921, 1
-0.984407, 1
-0.984893, 1
-0.985379, 1
-0.985866, 1
-0.986352, 1
-0.986838, 1
-0.987324, 1
-0.98781, 1
-0.988209, 1
-0.988607, 1
-0.989006, 1
-0.989404, 1
-0.989802, 1
-0.990201, 1
-0.990599, 1
-0.990998, 1
-0.991396, 1
-0.991794, 1
-0.992193, 1
-0.992503, 1
-0.992813, 1
-0.993124, 1
-0.993434, 1
-0.993744, 1
-0.994055, 1
-0.994365, 1
-0.994675, 1
-0.994985, 1
-0.995296, 1
-0.995606, 1
-0.995828, 1
-0.99605, 1
-0.996272, 1
-0.996493, 1
-0.996715, 1
-0.996937, 1
-0.997159, 1
-0.997381, 1
-0.997603, 1
-0.997824, 1
-0.998046, 1
-0.816406, 1
-0.634765, 1
-0.453125, 1
-0.271484, 1
-0.0898434, 1
0.0917971, 1
0.273438, 1
0.455078, 1
0.636719, 1
0.818359, 1
1, 1
