0, 0
0.000918274, 8.43226e-07
0.00183655, 3.37291e-06
0.00275482, 7.58904e-06
0.00367309, 1.34916e-05
0.00459137, 2.10807e-05
0.00550964, 3.03562e-05
0.00642792, 4.13181e-05
0.00734619, 5.39665e-05
0.00826446, 6.83013e-05
0.00918274, 8.43226e-05
0.010101, 0.00010203
0.0110193, 0.000121425
0.0119376, 0.000142505
0.0128558, 0.000165272
0.0137741, 0.000189726
0.0146924, 0.000215866
0.0156107, 0.000243692
0.0165289, 0.000273205
0.0174472, 0.000304405
0.0183655, 0.000337291
0.0192837, 0.000371863
0.020202, 0.000408122
0.0211203, 0.000446067
0.0220386, 0.000485698
0.0229568, 0.000527017
0.0238751, 0.000570021
0.0247934, 0.000614712
0.0257117, 0.00066109
0.0266299, 0.000709153
0.0275482, 0.000758904
0.0284665, 0.000810341
0.0293848, 0.000863464
0.030303, 0.000918274
0.0312213, 0.00097477
0.0321396, 0.00103295
0.0330579, 0.00109282
0.0339761, 0.00115438
0.0348944, 0.00121762
0.0358127, 0.00128255
0.0367309, 0.00134916
0.0376492, 0.00141746
0.0385675, 0.00148745
0.0394858, 0.00155913
0.040404, 0.00163249
0.0413223, 0.00170753
0.0422406, 0.00178427
0.0431589, 0.00186269
0.0440771, 0.00194279
0.0449954, 0.00202459
0.0459137, 0.00210807
0.046832, 0.00219323
0.0477502, 0.00228008
0.0486685, 0.00236862
0.0495868, 0.00245885
0.0505051, 0.00255076
0.0514233, 0.00264436
0.0523416, 0.00273964
0.0532599, 0.00283661
0.0541781, 0.00293527
0.0550964, 0.00303562
0.0560147, 0.00313765
0.056933, 0.00324136
0.0578512, 0.00334677
0.0587695, 0.00345386
0.0596878, 0.00356263
0.0606061, 0.00367309
0.0615243, 0.00378524
0.0624426, 0.00389908
0.0633609, 0.0040146
0.0642792, 0.00413181
0.0651974, 0.0042507
0.0661157, 0.00437129
0.067034, 0.00449355
0.0679522, 0.00461751
0.0688705, 0.00474315
0.0697888, 0.00487048
0.0707071, 0.00499949
0.0716253, 0.00513019
0.0725436, 0.00526258
0.0734619, 0.00539665
0.0743802, 0.00553241
0.0752984, 0.00566985
0.0762167, 0.00580899
0.077135, 0.00594981
0.0780533, 0.00609231
0.0789715, 0.0062365
0.0798898, 0.00638238
0.0808081, 0.00652995
0.0817264, 0.0066792
0.0826446, 0.00683013
0.0835629, 0.00698276
0.0844812, 0.00713707
0.0853994, 0.00729307
0.0863177, 0.00745075
0.087236, 0.00761012
0.0881543, 0.00777118
0.0890725, 0.00793392
0.0899908, 0.00809835
0.0909091, 0.00826446
0.0918274, 0.00843226
0.0927456, 0.00860175
0.0936639, 0.00877293
0.0945822, 0.00894579
0.0955005, 0.00912034
0.0964187, 0.00929657
0.097337, 0.00947449
0.0982553, 0.0096541
0.0991736, 0.00983539
0.100092, 0.0100184
0.10101, 0.010203
0.101928, 0.0103894
0.102847, 0.0105774
0.103765, 0.0107672
0.104683, 0.0109586
0.105601, 0.0111517
0.10652, 0.0113465
0.107438, 0.0115429
0.108356, 0.0117411
0.109275, 0.0119409
0.110193, 0.0121425
0.111111, 0.0123457
0.112029, 0.0125506
0.112948, 0.0127572
0.113866, 0.0129655
0.114784, 0.0131754
0.115702, 0.0133871
0.116621, 0.0136004
0.117539, 0.0138154
0.118457, 0.0140321
0.119376, 0.0142505
0.120294, 0.0144706
0.121212, 0.0146924
0.12213, 0.0149158
0.123049, 0.015141
0.123967, 0.0153678
0.124885, 0.0155963
0.125803, 0.0158265
0.126722, 0.0160584
0.12764, 0.016292
0.128558, 0.0165272
0.129477, 0.0167642
0.130395, 0.0170028
0.131313, 0.0172431
0.132231, 0.0174851
0.13315, 0.0177288
0.134068, 0.0179742
0.134986, 0.0182213
0.135904, 0.01847
0.136823, 0.0187205
0.137741, 0.0189726
0.138659, 0.0192264
0.139578, 0.0194819
0.140496, 0.0197391
0.141414, 0.019998
0.142332, 0.0202585
0.143251, 0.0205208
0.144169, 0.0207847
0.145087, 0.0210503
0.146006, 0.0213176
0.146924, 0.0215866
0.147842, 0.0218573
0.14876, 0.0221296
0.149679, 0.0224037
0.150597, 0.0226794
0.151515, 0.0229568
0.152433, 0.0232359
0.153352, 0.0235167
0.15427, 0.0237992
0.155188, 0.0240834
0.156107, 0.0243692
0.157025, 0.0246568
0.157943, 0.024946
0.158861, 0.0252369
0.15978, 0.0255295
0.160698, 0.0258238
0.161616, 0.0261198
0.162534, 0.0264174
0.163453, 0.0267168
0.164371, 0.0270178
0.165289, 0.0273205
0.166208, 0.0276249
0.167126, 0.027931
0.168044, 0.0282388
0.168962, 0.0285483
0.169881, 0.0288594
0.170799, 0.0291723
0.171717, 0.0294868
0.172635, 0.029803
0.173554, 0.0301209
0.174472, 0.0304405
0.17539, 0.0307617
0.176309, 0.0310847
0.177227, 0.0314093
0.178145, 0.0317357
0.179063, 0.0320637
0.179982, 0.0323934
0.1809, 0.0327248
0.181818, 0.0330579
0.182736, 0.0333926
0.183655, 0.0337291
0.184573, 0.0340672
0.185491, 0.034407
0.18641, 0.0347485
0.187328, 0.0350917
0.188246, 0.0354366
0.189164, 0.0357832
0.190083, 0.0361314
0.191001, 0.0364814
0.191919, 0.036833
0.192837, 0.0371863
0.193756, 0.0375413
0.194674, 0.037898
0.195592, 0.0382563
0.196511, 0.0386164
0.197429, 0.0389781
0.198347, 0.0393416
0.199265, 0.0397067
0.200184, 0.0400735
0.201102, 0.040442
0.20202, 0.0408122
0.202938, 0.041184
0.203857, 0.0415576
0.204775, 0.0419328
0.205693, 0.0423097
0.206612, 0.0426883
0.20753, 0.0430686
0.208448, 0.0434506
0.209366, 0.0438343
0.210285, 0.0442196
0.211203, 0.0446067
0.212121, 0.0449954
0.213039, 0.0453858
0.213958, 0.0457779
0.214876, 0.0461717
0.215794, 0.0465672
0.216713, 0.0469643
0.217631, 0.0473632
0.218549, 0.0477637
0.219467, 0.0481659
0.220386, 0.0485698
0.221304, 0.0489754
0.222222, 0.0493827
0.22314, 0.0497917
0.224059, 0.0502023
0.224977, 0.0506147
0.225895, 0.0510287
0.226814, 0.0514444
0.227732, 0.0518618
0.22865, 0.0522809
0.229568, 0.0527017
0.230487, 0.0531241
0.231405, 0.0535483
0.232323, 0.0539741
0.233242, 0.0544016
0.23416, 0.0548308
0.235078, 0.0552617
0.235996, 0.0556943
0.236915, 0.0561285
0.237833, 0.0565645
0.238751, 0.0570021
0.239669, 0.0574414
0.240588, 0.0578824
0.241506, 0.0583251
0.242424, 0.0587695
0.243343, 0.0592156
0.244261, 0.0596633
0.245179, 0.0601128
0.246097, 0.0605639
0.247016, 0.0610167
0.247934, 0.0614712
0.248852, 0.0619274
0.24977, 0.0623853
0.250689, 0.0628448
0.251607, 0.0633061
0.252525, 0.063769
0.253444, 0.0642336
0.254362, 0.0646999
0.25528, 0.0651679
0.256198, 0.0656376
0.257117, 0.066109
0.258035, 0.066582
0.258953, 0.0670567
0.259871, 0.0675332
0.26079, 0.0680113
0.261708, 0.0684911
0.262626, 0.0689726
0.263545, 0.0694557
0.264463, 0.0699406
0.265381, 0.0704271
0.266299, 0.0709153
0.267218, 0.0714053
0.268136, 0.0718969
0.269054, 0.0723902
0.269972, 0.0728851
0.270891, 0.0733818
0.271809, 0.0738801
0.272727, 0.0743802
0.273646, 0.0748819
0.274564, 0.0753853
0.275482, 0.0758904
0.2764, 0.0763972
0.277319, 0.0769056
0.278237, 0.0774158
0.279155, 0.0779276
0.280073, 0.0784411
0.280992, 0.0789564
0.28191, 0.0794733
0.282828, 0.0799918
0.283747, 0.0805121
0.284665, 0.0810341
0.285583, 0.0815577
0.286501, 0.082083
0.28742, 0.0826101
0.288338, 0.0831388
0.289256, 0.0836691
0.290174, 0.0842012
0.291093, 0.084735
0.292011, 0.0852704
0.292929, 0.0858076
0.293848, 0.0863464
0.294766, 0.0868869
0.295684, 0.0874291
0.296602, 0.087973
0.297521, 0.0885185
0.298439, 0.0890658
0.299357, 0.0896147
0.300275, 0.0901654
0.301194, 0.0907177
0.302112, 0.0912717
0.30303, 0.0918274
0.303949, 0.0923847
0.304867, 0.0929438
0.305785, 0.0935045
0.306703, 0.094067
0.307622, 0.0946311
0.30854, 0.0951969
0.309458, 0.0957644
0.310376, 0.0963336
0.311295, 0.0969044
0.312213, 0.097477
0.313131, 0.0980512
0.31405, 0.0986271
0.314968, 0.0992048
0.315886, 0.099784
0.316804, 0.100365
0.317723, 0.100948
0.318641, 0.101532
0.319559, 0.102118
0.320478, 0.102706
0.321396, 0.103295
0.322314, 0.103886
0.323232, 0.104479
0.324151, 0.105074
0.325069, 0.10567
0.325987, 0.106268
0.326905, 0.106867
0.327824, 0.107468
0.328742, 0.108071
0.32966, 0.108676
0.330579, 0.109282
0.331497, 0.10989
0.332415, 0.1105
0.333333, 0.111111
0.334252, 0.111724
0.33517, 0.112339
0.336088, 0.112955
0.337006, 0.113573
0.337925, 0.114193
0.338843, 0.114815
0.339761, 0.115438
0.34068, 0.116063
0.341598, 0.116689
0.342516, 0.117317
0.343434, 0.117947
0.344353, 0.118579
0.345271, 0.119212
0.346189, 0.119847
0.347107, 0.120484
0.348026, 0.121122
0.348944, 0.121762
0.349862, 0.122404
0.350781, 0.123047
0.351699, 0.123692
0.352617, 0.124339
0.353535, 0.124987
0.354454, 0.125637
0.355372, 0.126289
0.35629, 0.126943
0.357208, 0.127598
0.358127, 0.128255
0.359045, 0.128913
0.359963, 0.129574
0.360882, 0.130235
0.3618, 0.130899
0.362718, 0.131564
0.363636, 0.132231
0.364555, 0.1329
0.365473, 0.13357
0.366391, 0.134243
0.367309, 0.134916
0.368228, 0.135592
0.369146, 0.136269
0.370064, 0.136948
0.370983, 0.137628
0.371901, 0.13831
0.372819, 0.138994
0.373737, 0.13968
0.374656, 0.140367
0.375574, 0.141056
0.376492, 0.141746
0.37741, 0.142439
0.378329, 0.143133
0.379247, 0.143828
0.380165, 0.144526
0.381084, 0.145225
0.382002, 0.145925
0.38292, 0.146628
0.383838, 0.147332
0.384757, 0.148038
0.385675, 0.148745
0.386593, 0.149454
0.387511, 0.150165
0.38843, 0.150878
0.389348, 0.151592
0.390266, 0.152308
0.391185, 0.153025
0.392103, 0.153745
0.393021, 0.154466
0.393939, 0.155188
0.394858, 0.155913
0.395776, 0.156639
0.396694, 0.157366
0.397612, 0.158096
0.398531, 0.158827
0.399449, 0.15956
0.400367, 0.160294
0.401286, 0.16103
0.402204, 0.161768
0.403122, 0.162507
0.40404, 0.163249
0.404959, 0.163992
0.405877, 0.164736
0.406795, 0.165482
0.407713, 0.16623
0.408632, 0.16698
0.40955, 0.167731
0.410468, 0.168484
0.411387, 0.169239
0.412305, 0.169995
0.413223, 0.170753
0.414141, 0.171513
0.41506, 0.172275
0.415978, 0.173038
0.416896, 0.173802
0.417815, 0.174569
0.418733, 0.175337
0.419651, 0.176107
0.420569, 0.176879
0.421488, 0.177652
0.422406, 0.178427
0.423324, 0.179203
0.424242, 0.179982
0.425161, 0.180762
0.426079, 0.181543
0.426997, 0.182327
0.427916, 0.183112
0.428834, 0.183898
0.429752, 0.184687
0.43067, 0.185477
0.431589, 0.186269
0.432507, 0.187062
0.433425, 0.187857
0.434343, 0.188654
0.435262, 0.189453
0.43618, 0.190253
0.437098, 0.191055
0.438017, 0.191858
0.438935, 0.192664
0.439853, 0.193471
0.440771, 0.194279
0.44169, 0.19509
0.442608, 0.195902
0.443526, 0.196715
0.444444, 0.197531
0.445363, 0.198348
0.446281, 0.199167
0.447199, 0.199987
0.448118, 0.200809
0.449036, 0.201633
0.449954, 0.202459
0.450872, 0.203286
0.451791, 0.204115
0.452709, 0.204945
0.453627, 0.205778
0.454545, 0.206612
0.455464, 0.207447
0.456382, 0.208285
0.4573, 0.209124
0.458219, 0.209964
0.459137, 0.210807
0.460055, 0.211651
0.460973, 0.212496
0.461892, 0.213344
0.46281, 0.214193
0.463728, 0.215044
0.464646, 0.215896
0.465565, 0.216751
0.466483, 0.217606
0.467401, 0.218464
0.46832, 0.219323
0.469238, 0.220184
0.470156, 0.221047
0.471074, 0.221911
0.471993, 0.222777
0.472911, 0.223645
0.473829, 0.224514
0.474747, 0.225385
0.475666, 0.226258
0.476584, 0.227132
0.477502, 0.228008
0.478421, 0.228886
0.479339, 0.229766
0.480257, 0.230647
0.481175, 0.23153
0.482094, 0.232414
0.483012, 0.233301
0.48393, 0.234188
0.484848, 0.235078
0.485767, 0.235969
0.486685, 0.236862
0.487603, 0.237757
0.488522, 0.238653
0.48944, 0.239551
0.490358, 0.240451
0.491276, 0.241353
0.492195, 0.242256
0.493113, 0.24316
0.494031, 0.244067
0.494949, 0.244975
0.495868, 0.245885
0.496786, 0.246796
0.497704, 0.24771
0.498623, 0.248624
0.499541, 0.249541
0.500459, 0.250459
0.501377, 0.251379
0.502296, 0.252301
0.503214, 0.253224
0.504132, 0.254149
0.505051, 0.255076
0.505969, 0.256004
0.506887, 0.256934
0.507805, 0.257866
0.508724, 0.2588
0.509642, 0.259735
0.51056, 0.260672
0.511478, 0.26161
0.512397, 0.26255
0.513315, 0.263492
0.514233, 0.264436
0.515152, 0.265381
0.51607, 0.266328
0.516988, 0.267277
0.517906, 0.268227
0.518825, 0.269179
0.519743, 0.270133
0.520661, 0.271088
0.521579, 0.272045
0.522498, 0.273004
0.523416, 0.273964
0.524334, 0.274926
0.525253, 0.27589
0.526171, 0.276856
0.527089, 0.277823
0.528007, 0.278792
0.528926, 0.279762
0.529844, 0.280735
0.530762, 0.281708
0.53168, 0.282684
0.532599, 0.283661
0.533517, 0.28464
0.534435, 0.285621
0.535354, 0.286603
0.536272, 0.287587
0.53719, 0.288573
0.538108, 0.289561
0.539027, 0.29055
0.539945, 0.29154
0.540863, 0.292533
0.541781, 0.293527
0.5427, 0.294523
0.543618, 0.295521
0.544536, 0.29652
0.545455, 0.297521
0.546373, 0.298523
0.547291, 0.299528
0.548209, 0.300534
0.549128, 0.301541
0.550046, 0.302551
0.550964, 0.303562
0.551882, 0.304574
0.552801, 0.305589
0.553719, 0.306605
0.554637, 0.307623
0.555556, 0.308642
0.556474, 0.309663
0.557392, 0.310686
0.55831, 0.31171
0.559229, 0.312737
0.560147, 0.313765
0.561065, 0.314794
0.561983, 0.315825
0.562902, 0.316858
0.56382, 0.317893
0.564738, 0.318929
0.565657, 0.319967
0.566575, 0.321007
0.567493, 0.322048
0.568411, 0.323092
0.56933, 0.324136
0.570248, 0.325183
0.571166, 0.326231
0.572084, 0.327281
0.573003, 0.328332
0.573921, 0.329385
0.574839, 0.33044
0.575758, 0.331497
0.576676, 0.332555
0.577594, 0.333615
0.578512, 0.334677
0.579431, 0.33574
0.580349, 0.336805
0.581267, 0.337872
0.582185, 0.33894
0.583104, 0.34001
0.584022, 0.341082
0.58494, 0.342155
0.585859, 0.34323
0.586777, 0.344307
0.587695, 0.345386
0.588613, 0.346466
0.589532, 0.347548
0.59045, 0.348631
0.591368, 0.349716
0.592287, 0.350803
0.593205, 0.351892
0.594123, 0.352982
0.595041, 0.354074
0.59596, 0.355168
0.596878, 0.356263
0.597796, 0.35736
0.598714, 0.358459
0.599633, 0.359559
0.600551, 0.360661
0.601469, 0.361765
0.602388, 0.362871
0.603306, 0.363978
0.604224, 0.365087
0.605142, 0.366197
0.606061, 0.367309
0.606979, 0.368423
0.607897, 0.369539
0.608815, 0.370656
0.609734, 0.371775
0.610652, 0.372896
0.61157, 0.374018
0.612489, 0.375142
0.613407, 0.376268
0.614325, 0.377395
0.615243, 0.378524
0.616162, 0.379655
0.61708, 0.380788
0.617998, 0.381922
0.618916, 0.383058
0.619835, 0.384195
0.620753, 0.385334
0.621671, 0.386475
0.62259, 0.387618
0.623508, 0.388762
0.624426, 0.389908
0.625344, 0.391056
0.626263, 0.392205
0.627181, 0.393356
0.628099, 0.394509
0.629017, 0.395663
0.629936, 0.396819
0.630854, 0.397977
0.631772, 0.399136
0.632691, 0.400297
0.633609, 0.40146
0.634527, 0.402625
0.635445, 0.403791
0.636364, 0.404959
0.637282, 0.406128
0.6382, 0.407299
0.639118, 0.408472
0.640037, 0.409647
0.640955, 0.410823
0.641873, 0.412001
0.642792, 0.413181
0.64371, 0.414362
0.644628, 0.415545
0.645546, 0.41673
0.646465, 0.417917
0.647383, 0.419105
0.648301, 0.420294
0.649219, 0.421486
0.650138, 0.422679
0.651056, 0.423874
0.651974, 0.42507
0.652893, 0.426269
0.653811, 0.427469
0.654729, 0.42867
0.655647, 0.429873
0.656566, 0.431078
0.657484, 0.432285
0.658402, 0.433493
0.65932, 0.434703
0.660239, 0.435915
0.661157, 0.437129
0.662075, 0.438344
0.662994, 0.43956
0.663912, 0.440779
0.66483, 0.441999
0.665748, 0.443221
0.666667, 0.444444
0.667585, 0.44567
0.668503, 0.446897
0.669421, 0.448125
0.67034, 0.449355
0.671258, 0.450587
0.672176, 0.451821
0.673095, 0.453056
0.674013, 0.454293
0.674931, 0.455532
0.675849, 0.456772
0.676768, 0.458014
0.677686, 0.459258
0.678604, 0.460504
0.679522, 0.461751
0.680441, 0.463
0.681359, 0.46425
0.682277, 0.465502
0.683196, 0.466756
0.684114, 0.468012
0.685032, 0.469269
0.68595, 0.470528
0.686869, 0.471789
0.687787, 0.473051
0.688705, 0.474315
0.689624, 0.475581
0.690542, 0.476848
0.69146, 0.478117
0.692378, 0.479388
0.693297, 0.48066
0.694215, 0.481934
0.695133, 0.48321
0.696051, 0.484488
0.69697, 0.485767
0.697888, 0.487048
0.698806, 0.48833
0.699725, 0.489614
0.700643, 0.4909
0.701561, 0.492188
0.702479, 0.493477
0.703398, 0.494768
0.704316, 0.496061
0.705234, 0.497355
0.706152, 0.498651
0.707071, 0.499949
0.707989, 0.501248
0.708907, 0.502549
0.709826, 0.503852
0.710744, 0.505157
0.711662, 0.506463
0.71258, 0.507771
0.713499, 0.50908
0.714417, 0.510392
0.715335, 0.511704
0.716253, 0.513019
0.717172, 0.514335
0.71809, 0.515653
0.719008, 0.516973
0.719927, 0.518294
0.720845, 0.519617
0.721763, 0.520942
0.722681, 0.522268
0.7236, 0.523596
0.724518, 0.524926
0.725436, 0.526258
0.726354, 0.527591
0.727273, 0.528926
0.728191, 0.530262
0.729109, 0.5316
0.730028, 0.53294
0.730946, 0.534282
0.731864, 0.535625
0.732782, 0.53697
0.733701, 0.538317
0.734619, 0.539665
0.735537, 0.541015
0.736455, 0.542367
0.737374, 0.54372
0.738292, 0.545075
0.73921, 0.546432
0.740129, 0.54779
0.741047, 0.54915
0.741965, 0.550512
0.742883, 0.551876
0.743802, 0.553241
0.74472, 0.554608
0.745638, 0.555976
0.746556, 0.557347
0.747475, 0.558718
0.748393, 0.560092
0.749311, 0.561467
0.75023, 0.562844
0.751148, 0.564223
0.752066, 0.565603
0.752984, 0.566985
0.753903, 0.568369
0.754821, 0.569755
0.755739, 0.571142
0.756657, 0.572531
0.757576, 0.573921
0.758494, 0.575313
0.759412, 0.576707
0.760331, 0.578103
0.761249, 0.5795
0.762167, 0.580899
0.763085, 0.582299
0.764004, 0.583702
0.764922, 0.585106
0.76584, 0.586511
0.766758, 0.587919
0.767677, 0.589328
0.768595, 0.590738
0.769513, 0.592151
0.770432, 0.593565
0.77135, 0.594981
0.772268, 0.596398
0.773186, 0.597817
0.774105, 0.599238
0.775023, 0.600661
0.775941, 0.602085
0.77686, 0.603511
0.777778, 0.604938
0.778696, 0.606368
0.779614, 0.607798
0.780533, 0.609231
0.781451, 0.610665
0.782369, 0.612101
0.783287, 0.613539
0.784206, 0.614979
0.785124, 0.61642
0.786042, 0.617862
0.786961, 0.619307
0.787879, 0.620753
0.788797, 0.622201
0.789715, 0.62365
0.790634, 0.625102
0.791552, 0.626554
0.79247, 0.628009
0.793388, 0.629465
0.794307, 0.630923
0.795225, 0.632383
0.796143, 0.633844
0.797062, 0.635307
0.79798, 0.636772
0.798898, 0.638238
0.799816, 0.639706
0.800735, 0.641176
0.801653, 0.642647
0.802571, 0.64412
0.803489, 0.645595
0.804408, 0.647072
0.805326, 0.64855
0.806244, 0.65003
0.807163, 0.651511
0.808081, 0.652995
0.808999, 0.65448
0.809917, 0.655966
0.810836, 0.657454
0.811754, 0.658944
0.812672, 0.660436
0.81359, 0.661929
0.814509, 0.663424
0.815427, 0.664921
0.816345, 0.66642
0.817264, 0.66792
0.818182, 0.669421
0.8191, 0.670925
0.820018, 0.67243
0.820937, 0.673937
0.821855, 0.675445
0.822773, 0.676956
0.823691, 0.678468
0.82461, 0.679981
0.825528, 0.681496
0.826446, 0.683013
0.827365, 0.684532
0.828283, 0.686052
0.829201, 0.687574
0.830119, 0.689098
0.831038, 0.690624
0.831956, 0.692151
0.832874, 0.693679
0.833792, 0.69521
0.834711, 0.696742
0.835629, 0.698276
0.836547, 0.699811
0.837466, 0.701349
0.838384, 0.702887
0.839302, 0.704428
0.84022, 0.70597
0.841139, 0.707514
0.842057, 0.70906
0.842975, 0.710607
0.843893, 0.712156
0.844812, 0.713707
0.84573, 0.715259
0.846648, 0.716813
0.847567, 0.718369
0.848485, 0.719927
0.849403, 0.721486
0.850321, 0.723046
0.85124, 0.724609
0.852158, 0.726173
0.853076, 0.727739
0.853994, 0.729307
0.854913, 0.730876
0.855831, 0.732447
0.856749, 0.734019
0.857668, 0.735594
0.858586, 0.73717
0.859504, 0.738747
0.860422, 0.740327
0.861341, 0.741908
0.862259, 0.743491
0.863177, 0.745075
0.864096, 0.746661
0.865014, 0.748249
0.865932, 0.749838
0.86685, 0.751429
0.867769, 0.753022
0.868687, 0.754617
0.869605, 0.756213
0.870523, 0.757811
0.871442, 0.759411
0.87236, 0.761012
0.873278, 0.762615
0.874197, 0.76422
0.875115, 0.765826
0.876033, 0.767434
0.876951, 0.769044
0.87787, 0.770655
0.878788, 0.772268
0.879706, 0.773883
0.880624, 0.775499
0.881543, 0.777118
0.882461, 0.778737
0.883379, 0.780359
0.884298, 0.781982
0.885216, 0.783607
0.886134, 0.785234
0.887052, 0.786862
0.887971, 0.788492
0.888889, 0.790123
0.889807, 0.791757
0.890725, 0.793392
0.891644, 0.795029
0.892562, 0.796667
0.89348, 0.798307
0.894399, 0.799949
0.895317, 0.801592
0.896235, 0.803237
0.897153, 0.804884
0.898072, 0.806533
0.89899, 0.808183
0.899908, 0.809835
0.900826, 0.811488
0.901745, 0.813144
0.902663, 0.8148
0.903581, 0.816459
0.9045, 0.818119
0.905418, 0.819781
0.906336, 0.821445
0.907254, 0.82311
0.908173, 0.824778
0.909091, 0.826446
0.910009, 0.828117
0.910927, 0.829789
0.911846, 0.831463
0.912764, 0.833138
0.913682, 0.834815
0.914601, 0.836494
0.915519, 0.838175
0.916437, 0.839857
0.917355, 0.841541
0.918274, 0.843226
0.919192, 0.844914
0.92011, 0.846603
0.921028, 0.848293
0.921947, 0.849986
0.922865, 0.85168
0.923783, 0.853376
0.924702, 0.855073
0.92562, 0.856772
0.926538, 0.858473
0.927456, 0.860175
0.928375, 0.86188
0.929293, 0.863585
0.930211, 0.865293
0.931129, 0.867002
0.932048, 0.868713
0.932966, 0.870426
0.933884, 0.87214
0.934803, 0.873856
0.935721, 0.875573
0.936639, 0.877293
0.937557, 0.879014
0.938476, 0.880737
0.939394, 0.882461
0.940312, 0.884187
0.94123, 0.885915
0.942149, 0.887644
0.943067, 0.889375
0.943985, 0.891108
0.944904, 0.892843
0.945822, 0.894579
0.94674, 0.896317
0.947658, 0.898056
0.948577, 0.899798
0.949495, 0.901541
0.950413, 0.903285
0.951331, 0.905032
0.95225, 0.90678
0.953168, 0.908529
0.954086, 0.910281
0.955005, 0.912034
0.955923, 0.913789
0.956841, 0.915545
0.957759, 0.917303
0.958678, 0.919063
0.959596, 0.920824
0.960514, 0.922588
0.961433, 0.924352
0.962351, 0.926119
0.963269, 0.927887
0.964187, 0.929657
0.965106, 0.931429
0.966024, 0.933202
0.966942, 0.934977
0.96786, 0.936754
0.968779, 0.938532
0.969697, 0.940312
0.970615, 0.942094
0.971534, 0.943877
0.972452, 0.945662
0.97337, 0.947449
0.974288, 0.949238
0.975207, 0.951028
0.976125, 0.95282
0.977043, 0.954613
0.977961, 0.956409
0.97888, 0.958205
0.979798, 0.960004
0.980716, 0.961804
0.981635, 0.963606
0.982553, 0.96541
0.983471, 0.967215
0.984389, 0.969022
0.985308, 0.970831
0.986226, 0.972642
0.987144, 0.974454
0.988062, 0.976267
0.988981, 0.978083
0.989899, 0.9799
0.990817, 0.981719
0.991736, 0.983539
0.992654, 0.985362
0.993572, 0.987185
0.99449, 0.989011
0.995409, 0.990838
0.996327, 0.992667
0.997245, 0.994498
0.998163, 0.99633
0.999082, 0.998164
1, 1
