0.0390625
0.0957031
0.0478516
0.117236
0.0586182
0.0293091
0.0718073
0.0359036
0.0879639
0.0439819
0.107756
0.0538779
0.132001
0.0660004
0.161701
0.0404252
0.0990419
0.0495209
0.121326
0.0606631
0.0303316
0.0743123
0.0371562
0.0910326
0.0455163
0.111515
0.0557575
0.136606
0.0683029
0.167342
0.0418355
0.102497
0.0512485
0.125559
0.0627794
0.15381
0.0384524
0.0942084
0.0471042
0.115405
0.0577026
0.141371
0.0706857
0.0353429
0.08659
0.043295
0.106073
0.0530364
0.129939
0.0649696
0.0324848
0.0795877
0.0397939
0.097495
0.0487475
0.119431
0.0597157
0.0298578
0.0731517
0.0365759
0.0896108
0.0448054
0.109773
0.0548866
0.134472
0.0672361
0.164729
0.0411821
0.100896
